cppo2 = 0.212045;
cppco2 = 0.535371;
cepo2 = 0.210520;
cepco2 = 0.529065;
cspo2 = 0.208371;
cspco2 = 0.563870;
cmpo2 = 0.208917;
cmpco2 = 0.543290;
chpo2 = 0.209078;
chpco2 = 0.579201;
cbpo2 = 0.208537;
cbpco2 = 0.556919;
cevo2 = 0.210520;
cevco2 = 0.529065;
csvo2 = 0.208371;
csvco2 = 0.563870;
cmvo2 = 0.208917;
cmvco2 = 0.543290;
chvo2 = 0.209078;
chvco2 = 0.579201;
cbvo2 = 0.208537;
cbvco2 = 0.556919;
cvo2 = 0.208983;
cvco2 = 0.552452;
